ID       DLC Data                    Period Count  Comment
0B0      6   00 00 00 00 11 04       19     63772  
0B0      8   00 00 00 00 00 00 00 BC 58028  2      
0B2      6   00 00 00 00 11 04       19     63958  
0B2      8   00 00 00 10 00 00 22 00 57434  2      
0B4      8   00 00 00 00 00 00 00 BC 19     64277  
223      8   00 00 00 00 00 00 00 2D 20     64458  
223      1   00                      0      1      
224      8   00 00 00 00 00 00 00 00 19     64563  
260      8   00 00 00 00 00 FF 56 BF 19     64520  steering angle
2C1      8   08 FF EA FF EE C0 00 69 29     42956  gas position ?
2C4      8   04 07 00 10 00 00 22 0B 19     64446  
2C4      6   00 00 00 00 11 03       0      1      
380      8   00 20 00 00 00 00 1D 00 991    1282   
38A      5   08 04 00 00 00          1089   1148   
394      1   00                      297    4273   
398      2   01 0E                   1522   541    
3A0      8   00 00 00 00 00 00 00 33 100    12880  
3A1      8   00 00 00 00 00 00 00 00 991    1272   
3B0      5   00 00 00 42 00          991    1279   
3B1      8   00 00 02 2A 00 00 00 00 991    1265   
3B3      3   04 06 28                496    2556   rpm ?
3B3      8   00 00 00 00 00 00 00 BC 0      1      
3B4      8   00 00 90 B4 00 00 00 00 990    1280   brakes
3B7      8   00 00 00 00 00 00 00 00 297    4248   
440      8   42 02 00 00 00 00 00 00 188    7253   
442      8   40 02 00 00 00 00 00 00 187    7245   
4C1      8   01 00 04 21 00 00 00 00 902    1399   
4C3      8   04 00 05 08 00 00 00 00 924    1354   
4C4      8   20 00 00 64 C0 00 00 00 0      1      
4C8      8   09 00 05 08 00 00 00 00 972    1318   
4DC      8   1D 00 00 08 00 00 00 00 991    1285   
4DD      8   1E 00 00 06 00 00 00 00 1000   1269   
4ED      8   5C 00 00 00 00 00 00 00 993    1287   
610      8   20 00 00 64 C0 00 00 00 497    2765   lights
611      8   21 00 20 90 00 01 9F E7 991    1371   
620      8   10 00 00 00 30 40 00 50 298    4630   
621      8   11 00 00 00 00 00 00 00 991    1400   central locking
622      8   12 00 00 00 00 00 00 00 993    1372   
630      8   17 00 00 00 00 00 00 00 990    1346   
638      8   13 00 10 00 00 00 00 00 991    1404   driver door lock
640      8   A8 00 00 43 01 AB 00 00 991    1387   
641      8   11 00 00 00 00 00 00 00 0      1      

